117,3
117,2
0,523
117,1
117,0
116,35
61,3
61,1
45,3
45,1
44,3
44,1
41,3
41,1
40,3
40,1
39,3
39,1
38,3
38,1
37,3
37,1
36,3
36,1
35,3
35,1
34,3
34,1
18,4
18,3
18,1
17,7
17,6
17,5
17,4
17,3
17,1
16,5
16,4
16,3
16,1
15,38
15,30
15,29
15,27
15,12
15,2
15,0
14,3
14,1
13,9
13,5
13,3
13,1
12,5
12,4
12,3
12,1
11,4
11,3
11,1
10,5
10,4
10,3
10,1
9,5
9,4
9,3
9,1
8,4
8,3
8,1
7,5
7,4
7,3
7,1
6,3
6,1
2,13
2,12
2,5
0,533
0,495
0,409
0,356
0,323
0,243
0,0
15,28
15,3
15,1
15,4
0,567
1,1
1,3
2,1
2,4
2,3
0,9
0,568
116,34
116,33
116,32
116,31
116,30
116,29
116,28
116,27
116,26
116,25
116,24
116,23
116,22
116,21
116,20
116,19
116,18
116,17
116,16
116,15
116,14
116,13
116,12
116,11
116,10
116,9
116,8
116,7
116,6
116,5
116,4
116,3
116,2
116,0
